wahl_jahr,ebene_resultat,kanton_nummer,kanton_bezeichnung,partei_id,partei_bezeichnung_de,partei_staerke,flag_staerkste_partei,anzahl_listen,anzahl_kandidierende,anzahl_kandidierende_f,anzahl_kandidierende_m,anzahl_gewaehlte,anzahl_gewaehlte_f,anzahl_gewaehlte_m,frauen_anteil
1991,Schweiz,NA,NA,1,FDP,20.990763511,1,25,267,72,195,44,5,39,11.363636364
1991,Schweiz,NA,NA,2,CVP,17.999492193,0,36,303,83,220,35,4,31,11.428571429
1991,Schweiz,NA,NA,3,SP,18.490691992,0,25,267,121,146,41,12,29,29.268292683
1991,Schweiz,NA,NA,4,SVP,11.900966155,0,18,237,40,197,25,3,22,12
1991,Schweiz,NA,NA,5,LPS,3.0366819685,0,5,35,11,24,10,1,9,10
1991,Schweiz,NA,NA,6,LdU,2.8285599427,0,10,164,64,100,5,1,4,20
1991,Schweiz,NA,NA,7,EVP,1.8923146683,0,8,130,38,92,3,0,3,0
1991,Schweiz,NA,NA,8,CSP,0.3932550395,0,2,11,4,7,1,0,1,0
1991,Schweiz,NA,NA,9,PdA/Sol.,0.7764383513,0,6,72,34,38,2,0,2,0
1991,Schweiz,NA,NA,12,FGA,1.4753152145,0,8,131,84,47,1,1,0,100
1991,Schweiz,NA,NA,13,GRÜNE,6.0735131545,0,17,237,120,117,14,8,6,57.142857143
1991,Schweiz,NA,NA,14,SD,3.3901046959,0,14,154,43,111,5,0,5,0
1991,Schweiz,NA,NA,16,EDU,0.9977663765,0,5,75,10,65,1,0,1,0
1991,Schweiz,NA,NA,18,Lega,1.3839850001,0,1,7,2,5,2,0,2,0
1991,Schweiz,NA,NA,35,Übrige,8.3701517382,0,68,471,108,363,11,0,11,0
1995,Schweiz,NA,NA,1,FDP,20.181077858,0,29,305,90,215,45,8,37,17.777777778
1995,Schweiz,NA,NA,2,CVP,16.793565007,0,34,338,124,214,34,5,29,14.705882353
1995,Schweiz,NA,NA,3,SP,21.792926848,1,30,240,112,128,54,19,35,35.185185185
1995,Schweiz,NA,NA,4,SVP,14.900469605,0,24,294,61,233,29,3,26,10.344827586
1995,Schweiz,NA,NA,5,LPS,2.6862743392,0,7,79,20,59,7,1,6,14.285714286
1995,Schweiz,NA,NA,6,LdU,1.8265107493,0,10,159,64,95,3,1,2,33.333333333
1995,Schweiz,NA,NA,7,EVP,1.7882129538,0,9,162,62,100,2,0,2,0
1995,Schweiz,NA,NA,8,CSP,0.2952354521,0,2,23,7,16,1,0,1,0
1995,Schweiz,NA,NA,9,PdA/Sol.,1.5229711496,0,10,86,38,48,3,0,3,0
1995,Schweiz,NA,NA,12,FGA,1.4735659844,0,10,150,107,43,2,2,0,100
1995,Schweiz,NA,NA,13,GRÜNE,5.0421261519,0,22,256,127,129,8,4,4,50
1995,Schweiz,NA,NA,14,SD,3.1287645638,0,14,139,34,105,3,0,3,0
1995,Schweiz,NA,NA,16,EDU,1.301357742,0,9,163,35,128,1,0,1,0
1995,Schweiz,NA,NA,18,Lega,0.9415706365,0,1,7,1,6,1,0,1,0
1995,Schweiz,NA,NA,35,Übrige,6.3253709592,0,67,433,108,325,7,0,7,0
1999,Schweiz,NA,NA,1,FDP,19.91682689,0,38,355,109,246,43,9,34,20.930232558
1999,Schweiz,NA,NA,2,CVP,15.85350609,0,36,329,113,216,35,8,27,22.857142857
1999,Schweiz,NA,NA,3,SP,22.473519153,0,39,368,172,196,51,20,31,39.215686275
1999,Schweiz,NA,NA,4,SVP,22.543697341,1,30,332,75,257,44,3,41,6.8181818182
1999,Schweiz,NA,NA,5,LPS,2.2602269106,0,6,57,17,40,6,1,5,16.666666667
1999,Schweiz,NA,NA,6,LdU,0.7393288927,0,6,109,35,74,1,0,1,0
1999,Schweiz,NA,NA,7,EVP,1.8279690729,0,12,212,78,134,3,0,3,0
1999,Schweiz,NA,NA,8,CSP,0.4225909831,0,3,46,16,30,1,0,1,0
1999,Schweiz,NA,NA,9,PdA/Sol.,1.4306988824,0,7,67,30,37,3,0,3,0
1999,Schweiz,NA,NA,12,FGA,0.319459826,0,2,69,51,18,1,1,0,100
1999,Schweiz,NA,NA,13,GRÜNE,4.9664871553,0,16,193,97,96,8,5,3,62.5
1999,Schweiz,NA,NA,14,SD,1.8383740276,0,11,120,29,91,1,0,1,0
1999,Schweiz,NA,NA,16,EDU,1.2500032431,0,7,135,38,97,1,0,1,0
1999,Schweiz,NA,NA,18,Lega,0.8775915648,0,1,8,1,7,2,0,2,0
1999,Schweiz,NA,NA,35,Übrige,3.2797199675,0,54,445,122,323,0,0,0,NA
2003,Schweiz,NA,NA,1,FDP,17.339966699,0,41,420,148,272,36,7,29,19.444444444
2003,Schweiz,NA,NA,2,CVP,14.359163578,0,35,315,86,229,28,9,19,32.142857143
2003,Schweiz,NA,NA,3,SP,23.329915194,0,35,350,168,182,52,24,28,46.153846154
2003,Schweiz,NA,NA,4,SVP,26.650551197,1,39,383,73,310,55,3,52,5.4545454545
2003,Schweiz,NA,NA,5,LPS,2.1927073662,0,6,47,10,37,4,1,3,25
2003,Schweiz,NA,NA,7,EVP,2.2731747642,0,16,260,101,159,3,0,3,0
2003,Schweiz,NA,NA,8,CSP,0.3598186454,0,1,7,4,3,1,0,1,0
2003,Schweiz,NA,NA,9,PdA/Sol.,1.2040000433,0,6,63,29,34,3,1,2,33.333333333
2003,Schweiz,NA,NA,12,FGA,0.5274064129,0,5,115,58,57,1,0,1,0
2003,Schweiz,NA,NA,13,GRÜNE,7.4347466106,0,22,281,141,140,13,7,6,53.846153846
2003,Schweiz,NA,NA,14,SD,0.9584579206,0,11,126,24,102,1,0,1,0
2003,Schweiz,NA,NA,16,EDU,1.2642950437,0,9,106,23,83,2,0,2,0
2003,Schweiz,NA,NA,18,Lega,0.3513810032,0,1,8,1,7,1,0,1,0
2003,Schweiz,NA,NA,35,Übrige,1.7544155229,0,35,355,127,228,0,0,0,NA
2007,Schweiz,NA,NA,1,FDP,15.761435094,0,48,432,120,312,31,6,25,19.35483871
2007,Schweiz,NA,NA,2,CVP,14.478871024,0,40,359,128,231,31,12,19,38.709677419
2007,Schweiz,NA,NA,3,SP,19.546178135,0,44,402,194,208,43,18,25,41.860465116
2007,Schweiz,NA,NA,4,SVP,28.896841401,1,45,404,82,322,62,8,54,12.903225806
2007,Schweiz,NA,NA,5,LPS,1.8523939181,0,8,50,17,33,4,2,2,50
2007,Schweiz,NA,NA,7,EVP,2.4419999818,0,19,261,102,159,2,0,2,0
2007,Schweiz,NA,NA,8,CSP,0.4337226443,0,4,49,20,29,1,0,1,0
2007,Schweiz,NA,NA,9,PdA/Sol.,1.111949292,0,7,104,46,58,1,1,0,100
2007,Schweiz,NA,NA,12,FGA,0.1974712941,0,2,68,32,36,0,0,0,NA
2007,Schweiz,NA,NA,13,GRÜNE,9.5861259257,0,34,424,204,220,20,10,10,50
2007,Schweiz,NA,NA,14,SD,0.5346435391,0,9,106,22,84,0,0,0,NA
2007,Schweiz,NA,NA,16,EDU,1.2809579388,0,12,164,43,121,1,0,1,0
2007,Schweiz,NA,NA,18,Lega,0.5777937787,0,1,8,1,7,1,0,1,0
2007,Schweiz,NA,NA,31,GLP,1.4271561045,0,2,46,21,25,3,2,1,66.666666667
2007,Schweiz,NA,NA,33,MCR,0.1155213937,0,1,8,1,7,0,0,0,NA
2007,Schweiz,NA,NA,35,Übrige,1.7569385356,0,35,204,55,149,0,0,0,NA
2011,Schweiz,NA,NA,1,FDP,15.104533083,0,49,445,109,336,30,7,23,23.333333333
2011,Schweiz,NA,NA,2,CVP,12.30401273,0,46,396,136,260,28,9,19,32.142857143
2011,Schweiz,NA,NA,3,SP,18.722161414,0,49,433,202,231,46,21,25,45.652173913
2011,Schweiz,NA,NA,4,SVP,26.556254079,1,47,390,72,318,54,6,48,11.111111111
2011,Schweiz,NA,NA,7,EVP,1.9973982108,0,18,243,79,164,2,2,0,100
2011,Schweiz,NA,NA,8,CSP,0.2557743755,0,4,35,17,18,0,0,0,NA
2011,Schweiz,NA,NA,9,PdA/Sol.,0.8794652613,0,9,139,56,83,0,0,0,NA
2011,Schweiz,NA,NA,12,FGA,0.3234072636,0,4,53,25,28,0,0,0,NA
2011,Schweiz,NA,NA,13,GRÜNE,8.4328081411,0,40,391,190,201,15,6,9,40
2011,Schweiz,NA,NA,14,SD,0.2003102175,0,6,72,14,58,0,0,0,NA
2011,Schweiz,NA,NA,16,EDU,1.2714234639,0,13,164,47,117,0,0,0,NA
2011,Schweiz,NA,NA,18,Lega,0.8047605286,0,1,8,2,6,2,1,1,50
2011,Schweiz,NA,NA,31,GLP,5.3808827796,0,21,241,76,165,12,4,8,33.333333333
2011,Schweiz,NA,NA,32,BDP,5.4154012867,0,16,151,31,120,9,2,7,22.222222222
2011,Schweiz,NA,NA,33,MCR,0.4386220785,0,2,18,4,14,1,0,1,0
2011,Schweiz,NA,NA,35,Übrige,1.9127850862,0,40,279,73,206,1,0,1,0
2015,Schweiz,NA,NA,1,FDP,16.39678712,0,56,463,142,321,33,7,26,21.212121212
2015,Schweiz,NA,NA,2,CVP,11.645930381,0,55,442,151,291,27,9,18,33.333333333
2015,Schweiz,NA,NA,3,SP,18.840928807,0,57,482,226,256,43,25,18,58.139534884
2015,Schweiz,NA,NA,4,SVP,29.385929526,1,53,433,82,351,65,11,54,16.923076923
2015,Schweiz,NA,NA,7,EVP,1.8945072219,0,15,214,88,126,2,2,0,100
2015,Schweiz,NA,NA,8,CSP,0.2090988398,0,3,17,7,10,0,0,0,NA
2015,Schweiz,NA,NA,9,PdA/Sol.,0.8555958529,0,10,124,46,78,1,0,1,0
2015,Schweiz,NA,NA,12,FGA,0.3550052274,0,2,37,18,19,0,0,0,NA
2015,Schweiz,NA,NA,13,GRÜNE,7.0570705579,0,41,401,203,198,11,5,6,45.454545455
2015,Schweiz,NA,NA,14,SD,0.1221196357,0,5,46,10,36,0,0,0,NA
2015,Schweiz,NA,NA,16,EDU,1.1873481694,0,18,218,61,157,0,0,0,NA
2015,Schweiz,NA,NA,18,Lega,1.0002283524,0,1,8,2,6,2,1,1,50
2015,Schweiz,NA,NA,31,GLP,4.6258306487,0,30,362,119,243,7,3,4,42.857142857
2015,Schweiz,NA,NA,32,BDP,4.1037589143,0,21,227,74,153,7,1,6,14.285714286
2015,Schweiz,NA,NA,33,MCR,0.3245684106,0,3,15,3,12,1,0,1,0
2015,Schweiz,NA,NA,35,Übrige,1.9952923357,0,52,299,76,223,1,0,1,0
2019,Schweiz,NA,NA,1,FDP,15.110297508,0,64,523,195,328,29,10,19,34.482758621
2019,Schweiz,NA,NA,2,CVP,11.378940617,0,77,702,281,421,25,7,18,28
2019,Schweiz,NA,NA,3,SP,16.835412853,0,76,604,308,296,39,25,14,64.102564103
2019,Schweiz,NA,NA,4,SVP,25.589250819,1,67,569,126,443,53,13,40,24.528301887
2019,Schweiz,NA,NA,7,EVP,2.0755499242,0,23,306,147,159,3,2,1,66.666666667
2019,Schweiz,NA,NA,8,CSP,0.2573093759,0,6,25,11,14,0,0,0,NA
2019,Schweiz,NA,NA,9,PdA/Sol.,1.048904056,0,12,159,72,87,2,1,1,50
2019,Schweiz,NA,NA,12,FGA,0.3180063262,0,2,37,19,18,0,0,0,NA
2019,Schweiz,NA,NA,13,GRÜNE,13.19978203,0,49,455,252,203,28,17,11,60.714285714
2019,Schweiz,NA,NA,14,SD,0.1320753293,0,6,64,16,48,0,0,0,NA
2019,Schweiz,NA,NA,16,EDU,0.9960677628,0,11,114,26,88,1,0,1,0
2019,Schweiz,NA,NA,18,Lega,0.7506200264,0,1,8,2,6,1,0,1,0
2019,Schweiz,NA,NA,31,GLP,7.8028954435,0,43,477,194,283,16,8,8,50
2019,Schweiz,NA,NA,32,BDP,2.4422319115,0,20,207,65,142,3,1,2,33.333333333
2019,Schweiz,NA,NA,33,MCR,0.2201710153,0,1,9,3,6,0,0,0,NA
2019,Schweiz,NA,NA,35,Übrige,1.8424850014,0,53,386,156,230,0,0,0,NA
2023,Schweiz,NA,NA,1,FDP,14.251526922,0,79,651,234,417,28,12,16,42.857142857
2023,Schweiz,NA,NA,2,CVP,NA,NA,NA,NA,NA,NA,NA,NA,NA,NA
2023,Schweiz,NA,NA,3,SP,18.270386752,0,74,703,376,327,41,24,17,58.536585366
2023,Schweiz,NA,NA,4,SVP,27.930158825,1,71,619,140,479,62,12,50,19.35483871
2023,Schweiz,NA,NA,7,EVP,1.9506246547,0,29,366,190,176,2,0,2,0
2023,Schweiz,NA,NA,8,CSP,0.0938529362,0,1,7,4,3,0,0,0,NA
2023,Schweiz,NA,NA,9,PdA/Sol.,0.7216711064,0,8,109,57,52,0,0,0,NA
2023,Schweiz,NA,NA,12,FGA,0.1700123923,0,1,36,20,16,0,0,0,NA
2023,Schweiz,NA,NA,13,GRÜNE,9.7824734866,0,68,643,344,299,23,13,10,56.52173913
2023,Schweiz,NA,NA,14,SD,0.0794668305,0,4,37,9,28,0,0,0,NA
2023,Schweiz,NA,NA,16,EDU,1.2336279887,0,16,197,59,138,2,0,2,0
2023,Schweiz,NA,NA,18,Lega,0.5543141347,0,5,40,11,29,1,0,1,0
2023,Schweiz,NA,NA,31,GLP,7.553158272,0,86,839,351,488,10,7,3,70
2023,Schweiz,NA,NA,32,BDP,NA,NA,NA,NA,NA,NA,NA,NA,NA,NA
2023,Schweiz,NA,NA,33,MCR,0.5096495062,0,3,24,11,13,2,0,2,0
2023,Schweiz,NA,NA,34,Mitte,14.056672297,0,108,1099,417,682,29,9,20,31.034482759
2023,Schweiz,NA,NA,35,Übrige,2.8424038965,0,65,539,186,353,0,0,0,NA
